300567
300776
300724
600104
300223
600905
601868
300052
600188
601689
603799
002466
600111
300471
002263
600875
600089
600021
688268
601137
300286
002772
601669
512170
513330
300274
600036
002142
002623
300087
002241
002036
002475
600399
688339
300713
300852
300001
600150
002179
600176
002236
603195
002594
600703
002352
000795
002056
300748
600366
600580
300059
002624
002555
002456
600009
601888
002714
603529
301071
000858
603517
603456
000963
601636
601985
600406
603606
002080
603218
603338
002342
300502
601012
002129
600438
300751
002957
300545
688383
688518
002008
300747
002979
300124
600048
603203
